Position: (-141.5, 62.63422668130912, 131.6156895879731)
Position: (-141.5, 62.23967381763692, 134.39543257037028)
Position: (-141.5, 62.51465948218465, 137.09542498835518)
Position: (-141.5, 62.381921946961754, 139.86029218771975)
Position: (-141.5, 62.21233657451303, 142.61576412447414)
Position: (-141.5, 62.60142668855518, 145.31555014177408)
Position: (-141.5, 62.204115049145145, 148.0994224883046)
Position: (-139.25909918909866, 62.49468370884259, 148.54478088664828)
Position: (-136.49626387545715, 62.346472208325274, 148.54478088664828)
Position: (-133.74161349153027, 62.18497442498819, 148.54478088664828)
Position: (-131.04102400577406, 62.56592565732829, 148.54478088664828)
Position: (-128.25757334927226, 62.17296984481053, 148.54478088664828)
Position: (-125.57971883194173, 62.66280826847607, 148.54478088664828)
Position: (-122.79250002549404, 62.313390079729274, 148.54478088664828)
Position: (-120.05712576675205, 62.30819619324653, 148.54478088664828)
Position: (-117.46584160562497, 64.02442408821369, 148.54478088664828)
Position: (-113.83963584259727, 64.0, 148.54478088664828)
Position: (-109.39121481647499, 64.0, 148.54478088664828)
Position: (-104.42520007489054, 64.41999998688698, 148.54478088664828)
Position: (-99.55042137797221, 64.7531999805212, 148.54478088664828)
Position: (-94.67106398906665, 65.00133597911214, 148.54478088664828)
Position: (-89.73574642213937, 63.7531999805212, 148.54478088664828)
Position: (-84.88643866749894, 61.20574423282561, 148.54478088664828)
Position: (-82.0395560882212, 62.40976770394677, 148.54478088664828)
Position: (-79.30090323180373, 62.515764847793506, 148.54478088664828)
Position: (-76.52486556094375, 62.182438544705406, 148.54478088664828)
Position: (-73.84913664895896, 62.72324607771727, 148.54478088664828)
Position: (-71.05481631375073, 62.28286730472979, 148.54478088664828)
Position: (-68.33885679026392, 62.43319559775767, 148.54478088664828)
Position: (-67.82401560815127, 62.480859143090704, 150.76109489950912)
Position: (-67.82401560815127, 62.25171331176358, 153.5210102198159)
Reward 70.47298192977905